Battles,RollingWin,OverallWin,Epsilon,Speed,AvgReward,TableSize
100,0.0400,0.0400,0.9981,5.7,-0.9274,11231
200,0.0700,0.0550,0.9962,5.6,-0.8567,21498
300,0.1000,0.0700,0.9943,5.6,-0.7991,31038
400,0.0400,0.0625,0.9924,5.3,-0.9240,41158
500,0.1000,0.0700,0.9905,5.3,-0.7950,50152
600,0.0700,0.0700,0.9886,5.3,-0.8651,58278
700,0.0700,0.0700,0.9867,5.2,-0.8600,66313
800,0.0700,0.0700,0.9848,5.2,-0.8578,73644
900,0.0500,0.0678,0.9829,5.2,-0.9022,80734
1000,0.0500,0.0660,0.9810,5.3,-0.8978,87987
1100,0.0500,0.0645,0.9791,5.2,-0.8987,94753
1200,0.0900,0.0667,0.9772,5.3,-0.8235,101407
1300,0.0300,0.0638,0.9753,5.2,-0.9379,107769
1400,0.1200,0.0679,0.9734,5.3,-0.7587,114713
1500,0.0500,0.0667,0.9715,5.3,-0.9018,121044
1600,0.0800,0.0675,0.9696,5.2,-0.8411,126704
1700,0.1000,0.0694,0.9677,5.3,-0.7995,132953
1800,0.0600,0.0689,0.9658,5.3,-0.8799,139263
1900,0.0700,0.0689,0.9639,5.3,-0.8583,144882
2000,0.0900,0.0700,0.9620,5.3,-0.8194,150857
2100,0.0400,0.0686,0.9601,5.1,-0.9271,156716
2200,0.0500,0.0677,0.9582,5.1,-0.8994,162086
2300,0.0400,0.0665,0.9563,5.2,-0.9188,167745
2400,0.0400,0.0654,0.9544,5.3,-0.9198,173065
2500,0.0400,0.0644,0.9525,5.3,-0.9221,178387
2600,0.0400,0.0635,0.9506,5.3,-0.9214,183070
2700,0.0500,0.0630,0.9487,5.5,-0.8976,187540
2800,0.1100,0.0646,0.9468,5.4,-0.7822,193030
2900,0.0700,0.0648,0.9449,5.3,-0.8575,197979
3000,0.0400,0.0640,0.9430,5.4,-0.9205,202261
3100,0.0500,0.0639,0.9411,5.3,-0.8974,207292
3200,0.0600,0.0638,0.9392,5.4,-0.8773,212042
3300,0.1100,0.0652,0.9373,5.4,-0.7851,216827
3400,0.1100,0.0665,0.9354,5.3,-0.7774,221267
3500,0.0700,0.0666,0.9335,5.3,-0.8625,225539
3600,0.1000,0.0675,0.9316,5.4,-0.7996,229348
3700,0.0500,0.0670,0.9297,5.3,-0.9005,233497
3800,0.0800,0.0674,0.9278,5.3,-0.8401,238043
3900,0.0900,0.0679,0.9259,5.4,-0.8193,242373
4000,0.0900,0.0685,0.9240,5.4,-0.8197,246803
4100,0.0500,0.0680,0.9221,5.6,-0.9080,250857
4200,0.0800,0.0683,0.9202,5.3,-0.8372,255409
4300,0.0700,0.0684,0.9183,5.4,-0.8592,259401
4400,0.0700,0.0684,0.9164,5.3,-0.8643,264102
4500,0.1000,0.0691,0.9145,5.3,-0.7975,268348
4600,0.0600,0.0689,0.9126,5.3,-0.8796,272302
4700,0.0500,0.0685,0.9107,5.2,-0.9009,276413
4800,0.1300,0.0698,0.9088,5.3,-0.7413,280094
4900,0.0500,0.0694,0.9069,5.3,-0.8990,284083
5000,0.0700,0.0694,0.9050,5.4,-0.8599,288112
5100,0.0400,0.0688,0.9031,5.3,-0.9175,291736
5200,0.0700,0.0688,0.9012,5.3,-0.8608,295551
5300,0.1100,0.0696,0.8993,5.4,-0.7789,298990
5400,0.0900,0.0700,0.8974,5.3,-0.8234,303060
5500,0.0800,0.0702,0.8955,5.3,-0.8386,307063
5600,0.0700,0.0702,0.8936,5.4,-0.8595,311006
5700,0.1000,0.0707,0.8917,5.3,-0.8015,315591
5800,0.1500,0.0721,0.8898,5.3,-0.6954,319613
5900,0.0500,0.0717,0.8879,5.3,-0.9032,323052
6000,0.0900,0.0720,0.8860,5.4,-0.8227,326864
6100,0.0900,0.0723,0.8841,5.8,-0.8219,330593
6200,0.0900,0.0726,0.8822,5.6,-0.8234,334229
6300,0.1200,0.0733,0.8803,5.5,-0.7566,338283
6400,0.0600,0.0731,0.8784,5.5,-0.8838,341765
6500,0.1000,0.0735,0.8765,5.4,-0.8018,345940
6600,0.0900,0.0738,0.8746,5.4,-0.8212,349661
6700,0.0800,0.0739,0.8727,5.3,-0.8367,353988
6800,0.1000,0.0743,0.8708,5.4,-0.8005,357297
6900,0.1000,0.0746,0.8689,5.4,-0.8000,360816
7000,0.1100,0.0751,0.8670,5.5,-0.7768,364443
7100,0.0600,0.0749,0.8651,5.4,-0.8810,368194
7200,0.0500,0.0746,0.8632,5.4,-0.9039,371468
7300,0.0800,0.0747,0.8613,5.5,-0.8389,374830
7400,0.0800,0.0747,0.8594,5.4,-0.8387,378367
7500,0.1300,0.0755,0.8575,5.4,-0.7369,381612
7600,0.1100,0.0759,0.8556,5.4,-0.7806,385135
7700,0.1500,0.0769,0.8537,5.3,-0.7064,388347
7800,0.1200,0.0774,0.8518,5.4,-0.7547,391742
7900,0.0900,0.0776,0.8499,5.4,-0.8216,394814
8000,0.0800,0.0776,0.8480,5.4,-0.8411,397909
8100,0.1400,0.0784,0.8461,5.2,-0.7265,401304
8200,0.1300,0.0790,0.8442,5.4,-0.7387,404671
8300,0.1200,0.0795,0.8423,5.3,-0.7608,407931
8400,0.1100,0.0799,0.8404,5.3,-0.7799,411156
8500,0.1000,0.0801,0.8385,5.3,-0.7982,414172
8600,0.0900,0.0802,0.8366,5.3,-0.8212,417465
8700,0.0700,0.0801,0.8347,5.3,-0.8596,420772
8800,0.1200,0.0806,0.8328,5.3,-0.7579,424190
8900,0.1300,0.0811,0.8309,5.3,-0.7401,427549
9000,0.0800,0.0811,0.8290,5.4,-0.8427,430490
9100,0.1500,0.0819,0.8271,5.3,-0.7017,433391
9200,0.0800,0.0818,0.8252,5.4,-0.8368,436427
9300,0.0700,0.0817,0.8233,5.4,-0.8599,439698
9400,0.1200,0.0821,0.8214,5.4,-0.7618,442487
9500,0.0900,0.0822,0.8195,5.4,-0.8201,445813
9600,0.1200,0.0826,0.8176,5.4,-0.7582,449319
9700,0.0900,0.0827,0.8157,5.4,-0.8168,452450
9800,0.0800,0.0827,0.8138,5.4,-0.8442,455067
9900,0.1400,0.0832,0.8119,5.5,-0.7209,457551
10000,0.1000,0.0834,0.8100,5.5,-0.8009,460006
10100,0.1400,0.0840,0.8081,5.6,-0.7224,462879
10200,0.0800,0.0839,0.8062,5.8,-0.8423,465273
10300,0.0900,0.0840,0.8043,5.8,-0.8201,468505
10400,0.1300,0.0844,0.8024,5.7,-0.7378,471481
10500,0.1500,0.0850,0.8005,5.6,-0.7027,474436
10600,0.0700,0.0849,0.7986,5.7,-0.8572,476952
10700,0.0600,0.0847,0.7967,5.7,-0.8796,479435
10800,0.1600,0.0854,0.7948,5.7,-0.6849,481854
10900,0.1200,0.0857,0.7929,5.8,-0.7608,484540
11000,0.1400,0.0862,0.7910,5.6,-0.7081,487621
11100,0.1500,0.0868,0.7891,5.7,-0.7110,490367
11200,0.1300,0.0871,0.7872,5.6,-0.7391,493125
11300,0.1300,0.0875,0.7853,5.6,-0.7366,496294
11400,0.1100,0.0877,0.7834,5.6,-0.7844,499297
11500,0.1200,0.0880,0.7815,5.6,-0.7582,502229
11600,0.0900,0.0880,0.7796,5.6,-0.8214,504491
11700,0.1800,0.0888,0.7777,5.6,-0.6357,507350
11800,0.1300,0.0892,0.7758,5.6,-0.7438,510277
11900,0.1300,0.0895,0.7739,5.6,-0.7430,513004
12000,0.0700,0.0893,0.7720,5.6,-0.8536,515595
12100,0.0800,0.0893,0.7701,5.1,-0.8465,518226
12200,0.1700,0.0899,0.7682,5.3,-0.6591,520994
12300,0.0700,0.0898,0.7663,5.3,-0.8580,523872
12400,0.1400,0.0902,0.7644,5.3,-0.7192,526357
12500,0.1200,0.0904,0.7625,5.4,-0.7609,528901
12600,0.1200,0.0906,0.7606,5.5,-0.7586,531362
12700,0.1300,0.0909,0.7587,5.6,-0.7404,534072
12800,0.2000,0.0918,0.7568,5.6,-0.6024,536770
12900,0.1200,0.0920,0.7549,5.6,-0.7567,538991
13000,0.1100,0.0922,0.7530,5.6,-0.7809,541638
13100,0.1200,0.0924,0.7511,5.7,-0.7652,544002
13200,0.1200,0.0926,0.7492,5.6,-0.7550,546426
13300,0.1600,0.0931,0.7473,5.7,-0.6812,548994
13400,0.1100,0.0932,0.7454,5.7,-0.7804,551451
13500,0.2000,0.0940,0.7435,5.6,-0.6035,554039
13600,0.1000,0.0940,0.7416,5.7,-0.7966,556714
13700,0.0600,0.0938,0.7397,5.7,-0.8781,559246
13800,0.1500,0.0942,0.7378,5.6,-0.7023,562339
13900,0.1800,0.0948,0.7359,5.6,-0.6427,564778
14000,0.1200,0.0950,0.7340,5.6,-0.7606,567380
14100,0.0900,0.0950,0.7321,5.6,-0.8239,570128
14200,0.1000,0.0950,0.7302,5.7,-0.8020,572971
14300,0.1700,0.0955,0.7283,5.7,-0.6594,575714
14400,0.1800,0.0961,0.7264,5.5,-0.6326,578882
14500,0.1300,0.0963,0.7245,5.6,-0.7447,581136
14600,0.1700,0.0968,0.7226,5.6,-0.6621,583601
14700,0.1600,0.0973,0.7207,5.7,-0.6824,586038
14800,0.1200,0.0974,0.7188,5.7,-0.7594,588475
14900,0.2100,0.0982,0.7169,5.7,-0.5784,590711
15000,0.1300,0.0984,0.7150,5.7,-0.7399,593038
15100,0.2300,0.0993,0.7131,5.7,-0.5389,595638
15200,0.1600,0.0997,0.7112,5.6,-0.6805,597861
15300,0.1500,0.1000,0.7093,5.6,-0.6959,600163
15400,0.1500,0.1003,0.7074,5.7,-0.7055,602537
15500,0.1400,0.1006,0.7055,5.6,-0.7155,605049
15600,0.2000,0.1012,0.7036,5.6,-0.6075,607658
15700,0.1000,0.1012,0.7017,5.6,-0.8000,610110
15800,0.1600,0.1016,0.6998,5.6,-0.6771,612432
15900,0.1400,0.1018,0.6979,5.6,-0.7173,614544
16000,0.1400,0.1021,0.6960,5.6,-0.7239,616822
16100,0.1800,0.1026,0.6941,5.5,-0.6475,619174
16200,0.1800,0.1031,0.6922,5.6,-0.6355,621424
16300,0.1900,0.1036,0.6903,5.5,-0.6199,623855
16400,0.1700,0.1040,0.6884,5.5,-0.6631,626125
16500,0.2000,0.1046,0.6865,5.5,-0.5946,628410
16600,0.2500,0.1055,0.6846,5.5,-0.5045,631189
16700,0.1200,0.1056,0.6827,5.5,-0.7559,633655
16800,0.1200,0.1057,0.6808,5.5,-0.7618,636040
16900,0.2000,0.1062,0.6789,5.5,-0.6027,638548
17000,0.2100,0.1068,0.6770,5.5,-0.5754,640802
17100,0.1800,0.1073,0.6751,5.5,-0.6419,643011
17200,0.2000,0.1078,0.6732,5.5,-0.6005,645166
17300,0.1100,0.1078,0.6713,5.6,-0.7830,647257
17400,0.2100,0.1084,0.6694,5.6,-0.5762,649192
17500,0.1500,0.1086,0.6675,5.6,-0.7032,651443
17600,0.1000,0.1086,0.6656,5.6,-0.8002,653527
17700,0.1800,0.1090,0.6637,5.7,-0.6392,656094
17800,0.1500,0.1093,0.6618,5.6,-0.7013,658218
17900,0.1600,0.1096,0.6599,5.6,-0.6782,660810
18000,0.1400,0.1097,0.6580,5.7,-0.7216,663033
18100,0.2100,0.1103,0.6561,5.0,-0.5839,665440
18200,0.1700,0.1106,0.6542,5.3,-0.6633,667616
18300,0.1400,0.1108,0.6523,5.4,-0.7165,669629
18400,0.1500,0.1110,0.6504,5.4,-0.6987,671995
18500,0.2100,0.1115,0.6485,5.4,-0.5795,674218
18600,0.1700,0.1118,0.6466,5.4,-0.6662,676278
18700,0.1700,0.1121,0.6447,5.6,-0.6571,678475
18800,0.1500,0.1123,0.6428,5.5,-0.6994,680625
18900,0.2100,0.1129,0.6409,5.6,-0.5804,682970
19000,0.2100,0.1134,0.6390,5.6,-0.5830,684731
19100,0.1700,0.1137,0.6371,5.6,-0.6556,687017
19200,0.1600,0.1140,0.6352,5.6,-0.6804,688862
19300,0.1600,0.1142,0.6333,5.6,-0.6822,691173
19400,0.2000,0.1146,0.6314,5.6,-0.5999,693293
19500,0.2200,0.1152,0.6295,5.6,-0.5566,695705
19600,0.2800,0.1160,0.6276,5.6,-0.4456,698046
19700,0.1500,0.1162,0.6257,5.6,-0.6943,699972
19800,0.1200,0.1163,0.6238,5.6,-0.7633,702287
19900,0.2200,0.1168,0.6219,5.6,-0.5553,704520
20000,0.2400,0.1174,0.6200,5.7,-0.5262,706671
20100,0.2500,0.1181,0.6181,5.8,-0.5061,708569
20200,0.1500,0.1182,0.6162,5.8,-0.6969,710769
20300,0.2100,0.1187,0.6143,5.7,-0.5834,713086
20400,0.1900,0.1191,0.6124,5.6,-0.6184,714982
20500,0.1200,0.1191,0.6105,5.6,-0.7548,717297
20600,0.2100,0.1195,0.6086,5.7,-0.5815,719154
20700,0.2500,0.1201,0.6067,5.6,-0.5013,721116
20800,0.2200,0.1206,0.6048,5.6,-0.5633,723232
20900,0.2400,0.1212,0.6029,5.7,-0.5191,725323
21000,0.1600,0.1214,0.6010,5.7,-0.6763,727398
21100,0.2500,0.1220,0.5991,5.8,-0.5064,729550
21200,0.2200,0.1225,0.5972,5.7,-0.5573,731404
21300,0.1700,0.1227,0.5953,5.7,-0.6597,733338
21400,0.1700,0.1229,0.5934,5.8,-0.6610,735198
21500,0.1500,0.1231,0.5915,5.7,-0.6982,736892
21600,0.2700,0.1237,0.5896,5.7,-0.4624,738992
21700,0.2400,0.1243,0.5877,5.8,-0.5116,741004
21800,0.2200,0.1247,0.5858,5.8,-0.5633,742678
21900,0.1700,0.1249,0.5839,5.7,-0.6615,744561
22000,0.2100,0.1253,0.5820,5.8,-0.5784,746259
22100,0.2800,0.1260,0.5801,5.7,-0.4429,748181
22200,0.1900,0.1263,0.5782,5.6,-0.6229,750082
22300,0.3000,0.1271,0.5763,5.7,-0.4004,751911
22400,0.1900,0.1274,0.5744,5.6,-0.6164,753852
22500,0.2900,0.1281,0.5725,5.7,-0.4230,755831
22600,0.1900,0.1284,0.5706,5.8,-0.6199,757615
22700,0.2100,0.1287,0.5687,5.8,-0.5739,759363
22800,0.2000,0.1290,0.5668,5.8,-0.6070,761589
22900,0.2100,0.1294,0.5649,5.8,-0.5769,763670
23000,0.2700,0.1300,0.5630,5.7,-0.4589,765788
23100,0.2300,0.1304,0.5611,5.8,-0.5375,767551
23200,0.1500,0.1305,0.5592,5.8,-0.7067,769196
23300,0.2700,0.1311,0.5573,5.8,-0.4592,771251
23400,0.1500,0.1312,0.5554,5.8,-0.6982,773176
23500,0.2700,0.1318,0.5535,5.8,-0.4588,774817
23600,0.1300,0.1318,0.5516,5.8,-0.7428,776319
23700,0.2200,0.1322,0.5497,5.8,-0.5597,778004
23800,0.2400,0.1326,0.5478,5.8,-0.5199,780070
23900,0.1400,0.1326,0.5459,5.8,-0.7178,781643
24000,0.3400,0.1335,0.5440,5.8,-0.3219,783510
24100,0.1900,0.1337,0.5421,5.5,-0.6251,785353
24200,0.3000,0.1344,0.5402,5.5,-0.4000,787065
24300,0.2200,0.1348,0.5383,5.7,-0.5596,788847
24400,0.1600,0.1349,0.5364,5.6,-0.6801,790678
24500,0.2400,0.1353,0.5345,5.7,-0.5175,792731
24600,0.3100,0.1360,0.5326,5.8,-0.3838,794804
24700,0.2300,0.1364,0.5307,5.8,-0.5415,796638
24800,0.2900,0.1370,0.5288,5.8,-0.4118,798315
24900,0.2100,0.1373,0.5269,5.9,-0.5847,800208
25000,0.1700,0.1374,0.5250,5.8,-0.6583,801939
25100,0.2000,0.1377,0.5231,5.8,-0.5958,803700
25200,0.2100,0.1380,0.5212,5.9,-0.5867,805237
25300,0.2600,0.1385,0.5193,5.8,-0.4804,806885
25400,0.3000,0.1391,0.5174,5.9,-0.3921,808759
25500,0.1800,0.1393,0.5155,5.8,-0.6393,810303
25600,0.2300,0.1396,0.5136,5.9,-0.5499,811983
25700,0.2000,0.1399,0.5117,5.9,-0.6000,813786
25800,0.3500,0.1407,0.5098,5.9,-0.2995,815288
25900,0.2200,0.1410,0.5079,5.8,-0.5581,817092
26000,0.2100,0.1413,0.5060,5.9,-0.5832,818891
26100,0.2700,0.1418,0.5041,5.6,-0.4577,820915
26200,0.2500,0.1422,0.5022,5.9,-0.5062,822507
26300,0.3400,0.1430,0.5003,6.0,-0.3198,824529
26400,0.2900,0.1435,0.4984,6.0,-0.4160,826079
26500,0.2300,0.1438,0.4965,6.0,-0.5443,827727
26600,0.3200,0.1445,0.4946,5.9,-0.3605,829615
26700,0.2400,0.1449,0.4927,5.8,-0.5204,831308
26800,0.2200,0.1452,0.4908,5.8,-0.5605,832700
26900,0.2100,0.1454,0.4889,5.9,-0.5826,834487
27000,0.2300,0.1457,0.4870,5.8,-0.5385,836433
27100,0.2100,0.1460,0.4851,5.9,-0.5797,838184
27200,0.2500,0.1464,0.4832,5.9,-0.4989,840057
27300,0.2400,0.1467,0.4813,5.9,-0.5187,841848
27400,0.2500,0.1471,0.4794,5.9,-0.4990,843471
27500,0.2300,0.1474,0.4775,5.9,-0.5417,845240
27600,0.2900,0.1479,0.4756,5.9,-0.4199,846729
27700,0.2700,0.1483,0.4737,5.9,-0.4640,848690
27800,0.2200,0.1486,0.4718,5.9,-0.5552,850382
27900,0.2600,0.1490,0.4699,5.9,-0.4800,851838
28000,0.2400,0.1493,0.4680,5.9,-0.5183,853386
28100,0.2100,0.1495,0.4661,5.4,-0.5872,854922
28200,0.2300,0.1498,0.4642,5.5,-0.5367,856740
28300,0.3000,0.1503,0.4623,5.7,-0.3971,858303
28400,0.3100,0.1509,0.4604,5.6,-0.3839,859951
28500,0.2700,0.1513,0.4585,5.6,-0.4579,861631
28600,0.3100,0.1519,0.4566,5.7,-0.3779,863184
28700,0.2300,0.1522,0.4547,5.7,-0.5435,864783
28800,0.2500,0.1525,0.4528,5.7,-0.4981,866315
28900,0.2900,0.1530,0.4509,5.8,-0.4201,868026
29000,0.2300,0.1532,0.4490,5.7,-0.5426,870008
29100,0.3300,0.1538,0.4471,5.8,-0.3386,871756
29200,0.2300,0.1541,0.4452,5.7,-0.5396,873120
29300,0.2300,0.1544,0.4433,5.8,-0.5420,874461
29400,0.2800,0.1548,0.4414,5.8,-0.4383,875915
29500,0.2600,0.1552,0.4395,5.9,-0.4804,877729
29600,0.2700,0.1555,0.4376,5.8,-0.4601,879214
29700,0.3200,0.1561,0.4357,5.8,-0.3623,880836
29800,0.2900,0.1565,0.4338,5.9,-0.4174,882505
29900,0.3400,0.1572,0.4319,5.8,-0.3243,884163
30000,0.3400,0.1578,0.4300,5.8,-0.3172,885622
30100,0.2900,0.1582,0.4281,5.5,-0.4261,887160
30200,0.3300,0.1588,0.4262,5.7,-0.3366,888676
30300,0.2700,0.1592,0.4243,5.9,-0.4579,890336
30400,0.2400,0.1594,0.4224,5.9,-0.5256,891689
30500,0.2600,0.1598,0.4205,6.0,-0.4748,893279
30600,0.3000,0.1603,0.4186,6.0,-0.4059,894697
30700,0.2300,0.1605,0.4167,5.9,-0.5391,896193
30800,0.3000,0.1609,0.4148,5.8,-0.3975,897988
30900,0.2900,0.1614,0.4129,5.9,-0.4195,899672
31000,0.2600,0.1617,0.4110,5.9,-0.4846,901090
31100,0.3600,0.1623,0.4091,5.9,-0.2757,902630
31200,0.3200,0.1629,0.4072,5.9,-0.3575,904303
31300,0.3400,0.1634,0.4053,5.9,-0.3191,905780
31400,0.3800,0.1641,0.4034,5.9,-0.2425,907048
31500,0.3300,0.1646,0.4015,5.9,-0.3458,908299
31600,0.2300,0.1648,0.3996,5.9,-0.5328,909885
31700,0.2600,0.1651,0.3977,5.9,-0.4813,911145
31800,0.2500,0.1654,0.3958,5.9,-0.5024,912778
31900,0.3200,0.1659,0.3939,5.9,-0.3607,914155
32000,0.2800,0.1663,0.3920,5.9,-0.4406,915636
32100,0.2800,0.1667,0.3901,5.6,-0.4448,916915
32200,0.3500,0.1672,0.3882,5.8,-0.2980,918377
32300,0.2000,0.1673,0.3863,5.7,-0.6000,919895
32400,0.3900,0.1680,0.3844,5.8,-0.2167,921258
32500,0.2700,0.1683,0.3825,5.9,-0.4677,922644
32600,0.2600,0.1686,0.3806,5.9,-0.4743,924179
32700,0.2800,0.1690,0.3787,5.9,-0.4434,925587
32800,0.3600,0.1695,0.3768,5.9,-0.2794,926931
32900,0.2900,0.1699,0.3749,5.9,-0.4198,928461
33000,0.2400,0.1701,0.3730,5.8,-0.5173,929910
33100,0.4700,0.1710,0.3711,5.9,-0.0638,931737
33200,0.4100,0.1717,0.3692,5.9,-0.1813,933228
33300,0.4100,0.1725,0.3673,5.8,-0.1784,934708
33400,0.2900,0.1728,0.3654,5.9,-0.4199,935845
33500,0.1500,0.1728,0.3635,5.8,-0.6990,937399
33600,0.3200,0.1732,0.3616,5.9,-0.3600,938765
33700,0.3400,0.1737,0.3597,5.9,-0.3191,940058
33800,0.2600,0.1740,0.3578,5.9,-0.4809,941382
33900,0.3000,0.1743,0.3559,5.8,-0.3990,942760
34000,0.3000,0.1747,0.3540,5.9,-0.3995,944045
34100,0.4000,0.1754,0.3521,5.8,-0.2010,945369
34200,0.2500,0.1756,0.3502,5.9,-0.5057,946810
34300,0.3800,0.1762,0.3483,5.8,-0.2356,948298
34400,0.2800,0.1765,0.3464,5.8,-0.4416,949767
34500,0.3200,0.1769,0.3445,5.8,-0.3600,951281
34600,0.4100,0.1776,0.3426,5.9,-0.1766,952453
34700,0.3500,0.1781,0.3407,5.9,-0.3056,953689
34800,0.2900,0.1784,0.3388,5.9,-0.4189,954882
34900,0.2600,0.1787,0.3369,5.9,-0.4808,956090
35000,0.4000,0.1793,0.3350,5.9,-0.1997,957435
35100,0.2800,0.1796,0.3331,6.0,-0.4328,958711
35200,0.3100,0.1799,0.3312,6.0,-0.3844,960205
35300,0.3500,0.1804,0.3293,5.9,-0.3031,961632
35400,0.3600,0.1809,0.3274,6.0,-0.2779,962984
35500,0.3200,0.1813,0.3255,6.0,-0.3623,964177
35600,0.4300,0.1820,0.3236,6.0,-0.1336,965556
35700,0.3700,0.1825,0.3217,6.0,-0.2649,966773
35800,0.3500,0.1830,0.3198,6.0,-0.2977,967853
35900,0.4100,0.1836,0.3179,6.0,-0.1830,968870
36000,0.4500,0.1844,0.3160,6.0,-0.0994,970095
36100,0.3100,0.1847,0.3141,5.6,-0.3861,971326
36200,0.3800,0.1853,0.3122,5.3,-0.2377,972917
36300,0.3500,0.1857,0.3103,5.5,-0.2991,974299
36400,0.4100,0.1863,0.3084,5.6,-0.1805,975602
36500,0.3900,0.1869,0.3065,5.7,-0.2188,976782
36600,0.3000,0.1872,0.3046,5.7,-0.4001,977928
36700,0.3300,0.1876,0.3027,5.7,-0.3433,979391
36800,0.3600,0.1881,0.3008,5.7,-0.2808,980917
36900,0.3000,0.1884,0.2989,5.7,-0.3961,982158
37000,0.3600,0.1889,0.2970,5.7,-0.2801,983715
37100,0.3300,0.1892,0.2951,5.8,-0.3398,984932
37200,0.3100,0.1896,0.2932,5.9,-0.3797,986122
37300,0.3600,0.1900,0.2913,5.9,-0.2814,987540
37400,0.3300,0.1904,0.2894,5.9,-0.3388,988707
37500,0.2600,0.1906,0.2875,5.9,-0.4832,989873
37600,0.3400,0.1910,0.2856,5.9,-0.3173,991131
37700,0.3200,0.1913,0.2837,5.9,-0.3597,992313
37800,0.3400,0.1917,0.2818,5.9,-0.3162,993742
37900,0.3300,0.1921,0.2799,6.0,-0.3374,995063
38000,0.4100,0.1927,0.2780,5.9,-0.1845,996320
38100,0.4000,0.1933,0.2761,5.7,-0.2040,997728
38200,0.3300,0.1936,0.2742,5.7,-0.3369,999096
38300,0.3400,0.1940,0.2723,5.8,-0.3225,1000286
38400,0.3800,0.1945,0.2704,5.8,-0.2392,1001648
38500,0.3300,0.1948,0.2685,5.8,-0.3416,1002824
38600,0.3800,0.1953,0.2666,5.9,-0.2406,1004005
38700,0.3900,0.1958,0.2647,5.9,-0.2149,1005199
38800,0.3900,0.1963,0.2628,5.9,-0.2223,1006304
38900,0.4300,0.1969,0.2609,5.9,-0.1360,1007588
39000,0.2900,0.1972,0.2590,5.9,-0.4265,1008614
39100,0.4300,0.1978,0.2571,5.9,-0.1391,1009930
39200,0.4300,0.1984,0.2552,5.9,-0.1350,1011050
39300,0.4400,0.1990,0.2533,5.9,-0.1239,1012338
39400,0.3100,0.1993,0.2514,5.9,-0.3798,1013354
39500,0.4200,0.1998,0.2495,5.9,-0.1602,1014329
39600,0.3700,0.2003,0.2476,5.9,-0.2602,1015332
39700,0.4000,0.2008,0.2457,5.9,-0.2000,1016506
39800,0.4200,0.2013,0.2438,5.9,-0.1595,1017774
39900,0.3200,0.2016,0.2419,5.9,-0.3606,1018940
40000,0.3900,0.2021,0.2400,5.9,-0.2181,1020333
40100,0.4300,0.2027,0.2381,5.6,-0.1421,1021340
40200,0.3900,0.2031,0.2362,5.9,-0.2201,1022593
40300,0.3800,0.2036,0.2343,6.0,-0.2418,1023913
40400,0.3800,0.2040,0.2324,6.0,-0.2396,1024897
40500,0.3900,0.2045,0.2305,6.0,-0.2163,1026177
40600,0.4800,0.2051,0.2286,6.0,-0.0429,1027449
40700,0.4600,0.2058,0.2267,6.0,-0.0812,1028702
40800,0.3700,0.2062,0.2248,6.1,-0.2541,1029854
40900,0.4700,0.2068,0.2229,6.1,-0.0641,1031177
41000,0.4400,0.2074,0.2210,6.1,-0.1206,1032415
41100,0.4400,0.2080,0.2191,6.1,-0.1224,1033627
41200,0.4600,0.2086,0.2172,6.1,-0.0743,1034804
41300,0.5100,0.2093,0.2153,6.0,0.0162,1035931
41400,0.4500,0.2099,0.2134,6.1,-0.1004,1037073
41500,0.4000,0.2104,0.2115,6.1,-0.1985,1038237
41600,0.5100,0.2111,0.2096,6.0,0.0226,1039353
41700,0.4000,0.2116,0.2077,6.1,-0.2012,1040412
41800,0.3500,0.2119,0.2058,6.1,-0.2981,1041405
41900,0.4000,0.2123,0.2039,6.1,-0.2051,1042543
42000,0.3800,0.2127,0.2020,6.0,-0.2443,1043545
42100,0.3700,0.2131,0.2001,6.1,-0.2671,1044675
42200,0.4300,0.2136,0.1982,6.2,-0.1381,1045752
42300,0.3600,0.2139,0.1963,5.9,-0.2758,1046990
42400,0.3700,0.2143,0.1944,5.9,-0.2561,1048189
42500,0.3800,0.2147,0.1925,5.9,-0.2497,1049226
42600,0.3800,0.2151,0.1906,5.9,-0.2323,1050181
42700,0.4400,0.2156,0.1887,5.9,-0.1235,1051248
42800,0.4900,0.2162,0.1868,5.9,-0.0197,1052431
42900,0.4100,0.2167,0.1849,5.9,-0.1787,1053522
43000,0.4100,0.2171,0.1830,5.9,-0.1781,1054457
43100,0.4500,0.2177,0.1811,5.9,-0.1047,1055373
43200,0.4100,0.2181,0.1792,6.0,-0.1783,1056380
43300,0.4200,0.2186,0.1773,5.9,-0.1615,1057505
43400,0.4500,0.2191,0.1754,6.0,-0.0983,1058502
43500,0.4300,0.2196,0.1735,6.0,-0.1433,1059577
43600,0.4900,0.2203,0.1716,5.9,-0.0172,1060733
43700,0.3700,0.2206,0.1697,6.0,-0.2614,1061863
43800,0.4600,0.2211,0.1678,6.0,-0.0799,1062913
43900,0.3900,0.2215,0.1659,6.0,-0.2113,1063912
44000,0.3400,0.2218,0.1640,6.0,-0.3278,1065022
44100,0.4800,0.2224,0.1621,6.1,-0.0397,1066286
44200,0.4200,0.2228,0.1602,6.2,-0.1572,1067360
44300,0.4300,0.2233,0.1583,6.2,-0.1493,1068260
44400,0.4400,0.2238,0.1564,6.3,-0.1167,1069534
44500,0.5100,0.2244,0.1545,6.3,0.0190,1070522
44600,0.4800,0.2250,0.1526,6.3,-0.0347,1071585
44700,0.4500,0.2256,0.1507,6.2,-0.0994,1072696
44800,0.3800,0.2259,0.1488,6.3,-0.2476,1073627
44900,0.4900,0.2265,0.1469,6.3,-0.0156,1074541
45000,0.4900,0.2271,0.1450,6.3,-0.0218,1075471
45100,0.4100,0.2275,0.1431,6.2,-0.1820,1076664
45200,0.4500,0.2280,0.1412,6.3,-0.1009,1077589
45300,0.4800,0.2286,0.1393,6.3,-0.0323,1078640
45400,0.4900,0.2292,0.1374,6.2,-0.0226,1079588
45500,0.3600,0.2295,0.1355,6.2,-0.2838,1080466
45600,0.4400,0.2299,0.1336,6.2,-0.1129,1081381
45700,0.4800,0.2305,0.1317,6.2,-0.0481,1082537
45800,0.4100,0.2309,0.1298,6.2,-0.1716,1083365
45900,0.4700,0.2314,0.1279,6.2,-0.0625,1084268
46000,0.4400,0.2318,0.1260,6.2,-0.1212,1085386
46100,0.3500,0.2321,0.1241,6.1,-0.3032,1086428
46200,0.4500,0.2325,0.1222,6.1,-0.0974,1087421
46300,0.4600,0.2330,0.1203,5.9,-0.0787,1088671
46400,0.4800,0.2336,0.1184,5.9,-0.0437,1089791
46500,0.3200,0.2338,0.1165,6.0,-0.3616,1090912
46600,0.4800,0.2343,0.1146,6.0,-0.0351,1091880
46700,0.5200,0.2349,0.1127,6.0,0.0422,1092760
46800,0.4600,0.2354,0.1108,6.0,-0.0804,1093601
46900,0.4300,0.2358,0.1089,6.0,-0.1483,1094487
47000,0.4900,0.2364,0.1070,5.9,-0.0198,1095480
47100,0.4300,0.2368,0.1051,6.0,-0.1379,1096277
47200,0.4900,0.2373,0.1032,6.0,-0.0227,1097191
47300,0.4300,0.2377,0.1013,5.9,-0.1367,1098194
47400,0.5000,0.2383,0.0994,6.0,0.0021,1098902
47500,0.3800,0.2386,0.0975,6.0,-0.2366,1099891
47600,0.4400,0.2390,0.0956,6.0,-0.1221,1100773
47700,0.3900,0.2393,0.0937,6.0,-0.2200,1101603
47800,0.5200,0.2399,0.0918,6.0,0.0399,1102585
47900,0.4100,0.2403,0.0899,6.0,-0.1799,1103410
48000,0.3500,0.2405,0.0880,6.0,-0.3001,1104373
48100,0.4300,0.2409,0.0861,5.8,-0.1428,1105206
48200,0.5200,0.2415,0.0842,6.1,0.0415,1106053
48300,0.5600,0.2421,0.0823,6.1,0.1190,1106969
48400,0.4200,0.2425,0.0804,6.2,-0.1571,1107898
48500,0.5300,0.2431,0.0785,6.2,0.0601,1109014
48600,0.5100,0.2437,0.0766,6.1,0.0119,1109882
48700,0.4700,0.2441,0.0747,6.1,-0.0564,1110662
48800,0.4600,0.2446,0.0728,6.1,-0.0804,1111454
48900,0.4300,0.2450,0.0709,6.1,-0.1376,1112200
49000,0.4500,0.2454,0.0690,6.1,-0.1005,1112961
49100,0.4700,0.2459,0.0671,6.1,-0.0601,1113746
49200,0.5800,0.2465,0.0652,6.1,0.1661,1114772
49300,0.4200,0.2469,0.0633,6.0,-0.1626,1115504
49400,0.5200,0.2474,0.0614,6.0,0.0358,1116434
49500,0.5100,0.2480,0.0595,6.1,0.0254,1117220
49600,0.4300,0.2483,0.0576,6.0,-0.1449,1118011
49700,0.3900,0.2486,0.0557,6.0,-0.2180,1118728
49800,0.4400,0.2490,0.0538,6.1,-0.1253,1119477
49900,0.4300,0.2494,0.0519,6.1,-0.1339,1120392
50000,0.5000,0.2499,0.0500,6.0,-0.0035,1121255
50100,0.5200,0.2504,0.0500,6.0,0.0351,1121983
50200,0.3900,0.2507,0.0500,5.9,-0.2137,1123015
50300,0.4900,0.2512,0.0500,6.0,-0.0199,1123705
50400,0.4100,0.2515,0.0500,6.1,-0.1827,1124565
50500,0.4600,0.2519,0.0500,6.0,-0.0802,1125420
50600,0.5400,0.2525,0.0500,6.0,0.0846,1126227
50700,0.5300,0.2530,0.0500,6.1,0.0569,1127252
50800,0.4300,0.2534,0.0500,6.2,-0.1441,1128052
50900,0.4500,0.2538,0.0500,6.1,-0.1000,1128986
51000,0.5100,0.2543,0.0500,6.2,0.0229,1129823
51100,0.4700,0.2547,0.0500,6.2,-0.0586,1130789
51200,0.5600,0.2553,0.0500,6.2,0.1136,1131586
51300,0.5000,0.2558,0.0500,6.2,0.0062,1132453
51400,0.4800,0.2562,0.0500,6.2,-0.0427,1133322
51500,0.3700,0.2564,0.0500,6.2,-0.2617,1134191
51600,0.4800,0.2569,0.0500,6.2,-0.0437,1134990
51700,0.4100,0.2572,0.0500,6.1,-0.1714,1135898
51800,0.4300,0.2575,0.0500,6.1,-0.1455,1136611
51900,0.5300,0.2580,0.0500,6.1,0.0651,1137418
52000,0.4700,0.2584,0.0500,6.0,-0.0613,1138201
52100,0.4400,0.2588,0.0500,5.7,-0.1178,1138992
52200,0.5300,0.2593,0.0500,5.9,0.0517,1139938
52300,0.5500,0.2598,0.0500,5.9,0.1008,1140960
52400,0.5900,0.2605,0.0500,6.0,0.1860,1141865
52500,0.4600,0.2609,0.0500,6.0,-0.0791,1142790
52600,0.4700,0.2613,0.0500,6.0,-0.0644,1143757
52700,0.5400,0.2618,0.0500,6.0,0.0790,1144707
52800,0.4100,0.2621,0.0500,6.1,-0.1817,1145656
52900,0.4500,0.2624,0.0500,6.0,-0.0984,1146842
53000,0.4700,0.2628,0.0500,6.0,-0.0571,1147639
53100,0.4200,0.2631,0.0500,6.0,-0.1636,1148598
53200,0.4000,0.2634,0.0500,6.0,-0.1925,1149419
53300,0.4300,0.2637,0.0500,6.0,-0.1459,1150172
53400,0.4800,0.2641,0.0500,6.1,-0.0380,1150995
53500,0.5400,0.2646,0.0500,6.1,0.0832,1151801
53600,0.5700,0.2652,0.0500,6.2,0.1385,1152537
53700,0.4700,0.2656,0.0500,6.1,-0.0656,1153411
53800,0.5200,0.2661,0.0500,6.1,0.0377,1154322
53900,0.5200,0.2665,0.0500,6.2,0.0412,1155162
54000,0.6100,0.2672,0.0500,6.2,0.2281,1156039
54100,0.4300,0.2675,0.0500,6.3,-0.1431,1156734
54200,0.4500,0.2678,0.0500,6.2,-0.1030,1157711
54300,0.5400,0.2683,0.0500,6.2,0.0867,1158562
54400,0.4400,0.2687,0.0500,6.3,-0.1255,1159245
54500,0.4500,0.2690,0.0500,6.2,-0.0999,1160017
54600,0.5100,0.2694,0.0500,6.2,0.0275,1160806
54700,0.4600,0.2698,0.0500,6.1,-0.0864,1161634
54800,0.5100,0.2702,0.0500,6.2,0.0257,1162746
54900,0.4800,0.2706,0.0500,6.1,-0.0445,1163523
55000,0.5300,0.2711,0.0500,6.2,0.0617,1164241
55100,0.4700,0.2715,0.0500,6.2,-0.0588,1164988
55200,0.4100,0.2717,0.0500,6.2,-0.1810,1165692
55300,0.5500,0.2722,0.0500,6.2,0.0998,1166491
55400,0.5100,0.2727,0.0500,6.2,0.0156,1167350
55500,0.5300,0.2731,0.0500,6.2,0.0629,1168126
55600,0.4600,0.2735,0.0500,6.2,-0.0807,1168824
55700,0.4600,0.2738,0.0500,6.2,-0.0823,1169476
55800,0.4500,0.2741,0.0500,6.2,-0.0989,1170254
55900,0.3300,0.2742,0.0500,6.3,-0.3409,1170894
56000,0.4700,0.2746,0.0500,6.2,-0.0556,1171620
56100,0.5100,0.2750,0.0500,5.8,0.0174,1172217
56200,0.5600,0.2755,0.0500,6.1,0.1197,1173058
56300,0.5500,0.2760,0.0500,6.0,0.1006,1173933
56400,0.4300,0.2763,0.0500,6.0,-0.1354,1174753
56500,0.5100,0.2767,0.0500,6.0,0.0142,1175607
56600,0.5400,0.2772,0.0500,6.1,0.0838,1176316
56700,0.4400,0.2775,0.0500,6.1,-0.1277,1176840
56800,0.4200,0.2777,0.0500,6.1,-0.1465,1177684
56900,0.4300,0.2780,0.0500,6.1,-0.1469,1178503
57000,0.5300,0.2785,0.0500,6.1,0.0611,1179472
57100,0.4500,0.2788,0.0500,6.1,-0.1044,1180290
57200,0.4100,0.2790,0.0500,6.1,-0.1783,1181239
57300,0.5100,0.2794,0.0500,6.0,0.0214,1182187
57400,0.5300,0.2798,0.0500,6.1,0.0551,1183005
57500,0.4700,0.2802,0.0500,6.1,-0.0533,1183787
57600,0.5200,0.2806,0.0500,6.1,0.0360,1184450
57700,0.5400,0.2810,0.0500,6.1,0.0801,1185188
57800,0.5900,0.2816,0.0500,6.1,0.1841,1185972
57900,0.5300,0.2820,0.0500,6.2,0.0581,1186521
58000,0.5600,0.2825,0.0500,6.2,0.1152,1187281
58100,0.5000,0.2829,0.0500,6.1,-0.0056,1188052
58200,0.4900,0.2832,0.0500,6.1,-0.0125,1188739
58300,0.5500,0.2837,0.0500,6.2,0.0953,1189588
58400,0.5100,0.2841,0.0500,6.2,0.0234,1190222
58500,0.4300,0.2843,0.0500,6.2,-0.1454,1190933
58600,0.5300,0.2848,0.0500,6.2,0.0650,1191651
58700,0.4900,0.2851,0.0500,6.2,-0.0241,1192382
58800,0.5200,0.2855,0.0500,6.2,0.0413,1193188
58900,0.4300,0.2858,0.0500,6.2,-0.1433,1193867
59000,0.5600,0.2862,0.0500,6.2,0.1249,1194558
59100,0.4100,0.2864,0.0500,6.2,-0.1829,1195292
59200,0.4400,0.2867,0.0500,6.2,-0.1189,1195974
59300,0.4500,0.2870,0.0500,6.2,-0.0999,1196704
59400,0.5200,0.2874,0.0500,6.1,0.0431,1197569
59500,0.5500,0.2878,0.0500,6.2,0.0987,1198362
59600,0.4700,0.2881,0.0500,6.2,-0.0596,1199146
59700,0.4600,0.2884,0.0500,6.2,-0.0730,1199876
59800,0.4100,0.2886,0.0500,6.2,-0.1890,1200741
59900,0.4500,0.2889,0.0500,6.2,-0.1016,1201289
60000,0.5000,0.2892,0.0500,6.3,0.0034,1201950
60100,0.3700,0.2893,0.0500,5.6,-0.2661,1202617
60200,0.4300,0.2896,0.0500,5.7,-0.1317,1203278
60300,0.4300,0.2898,0.0500,5.7,-0.1431,1204039
60400,0.4500,0.2901,0.0500,5.7,-0.0983,1204731
60500,0.4700,0.2904,0.0500,5.9,-0.0616,1205374
60600,0.5100,0.2907,0.0500,5.9,0.0196,1206152
60700,0.4600,0.2910,0.0500,5.9,-0.0838,1206854
60800,0.5100,0.2914,0.0500,6.0,0.0230,1207646
60900,0.3900,0.2915,0.0500,6.0,-0.2206,1208421
61000,0.4200,0.2918,0.0500,6.1,-0.1612,1209180
61100,0.5000,0.2921,0.0500,6.0,-0.0014,1210049
61200,0.5100,0.2925,0.0500,6.1,0.0240,1210833
61300,0.4900,0.2928,0.0500,6.0,-0.0208,1211662
61400,0.4900,0.2931,0.0500,6.1,-0.0239,1212390
61500,0.4400,0.2933,0.0500,6.1,-0.1164,1213273
61600,0.4600,0.2936,0.0500,6.1,-0.0831,1213989
61700,0.4500,0.2939,0.0500,6.1,-0.0937,1214642
61800,0.4000,0.2940,0.0500,6.1,-0.2055,1215418
61900,0.4800,0.2943,0.0500,6.2,-0.0379,1216287
62000,0.4200,0.2945,0.0500,6.1,-0.1607,1217159
62100,0.4800,0.2948,0.0500,5.5,-0.0462,1217894
62200,0.4600,0.2951,0.0500,5.8,-0.0732,1218678
62300,0.4000,0.2952,0.0500,5.7,-0.2031,1219457
62400,0.3700,0.2954,0.0500,5.7,-0.2625,1220167
62500,0.4500,0.2956,0.0500,5.9,-0.1006,1220799
62600,0.5000,0.2959,0.0500,5.9,0.0050,1221551
62700,0.5000,0.2963,0.0500,5.9,-0.0035,1222292
62800,0.5600,0.2967,0.0500,6.0,0.1221,1223058
62900,0.5200,0.2970,0.0500,6.0,0.0423,1223684
63000,0.5200,0.2974,0.0500,6.1,0.0366,1224420
63100,0.5300,0.2978,0.0500,6.0,0.0583,1225226
63200,0.5100,0.2981,0.0500,6.1,0.0208,1225955
63300,0.3500,0.2982,0.0500,6.2,-0.2952,1226561
63400,0.4400,0.2984,0.0500,6.1,-0.1217,1227226
63500,0.4700,0.2987,0.0500,6.2,-0.0613,1227862
63600,0.4000,0.2989,0.0500,6.2,-0.2029,1228452
63700,0.4300,0.2991,0.0500,6.1,-0.1361,1229152
63800,0.5000,0.2994,0.0500,6.2,-0.0015,1229992
63900,0.4300,0.2996,0.0500,6.2,-0.1411,1230682
64000,0.4600,0.2998,0.0500,6.2,-0.0798,1231315
64100,0.3800,0.2999,0.0500,5.9,-0.2435,1231874
64200,0.4600,0.3002,0.0500,5.9,-0.0789,1232542
64300,0.4600,0.3004,0.0500,5.9,-0.0800,1233381
64400,0.4900,0.3007,0.0500,5.9,-0.0185,1234105
64500,0.4600,0.3010,0.0500,6.0,-0.0791,1235009
64600,0.4300,0.3012,0.0500,6.0,-0.1417,1235785
64700,0.4600,0.3014,0.0500,5.9,-0.0837,1236587
64800,0.6100,0.3019,0.0500,6.0,0.2260,1237304
64900,0.5000,0.3022,0.0500,6.0,-0.0030,1238082
65000,0.4600,0.3024,0.0500,6.1,-0.0785,1238879
65100,0.5100,0.3028,0.0500,6.0,0.0182,1239632
65200,0.5000,0.3031,0.0500,6.1,0.0033,1240456
65300,0.5000,0.3034,0.0500,6.1,-0.0048,1241201
65400,0.5000,0.3037,0.0500,6.1,0.0044,1241991
65500,0.5500,0.3041,0.0500,6.1,0.0941,1242693
65600,0.4000,0.3042,0.0500,6.2,-0.1991,1243509
65700,0.4900,0.3045,0.0500,6.1,-0.0145,1244337
65800,0.4800,0.3048,0.0500,6.2,-0.0384,1245224
65900,0.5800,0.3052,0.0500,6.2,0.1548,1246089
66000,0.4500,0.3054,0.0500,6.2,-0.0964,1246734
66100,0.4800,0.3057,0.0500,6.2,-0.0402,1247392
66200,0.5200,0.3060,0.0500,6.1,0.0418,1248091
66300,0.5500,0.3063,0.0500,6.1,0.0937,1248685
66400,0.4000,0.3065,0.0500,6.2,-0.1958,1249608
66500,0.5100,0.3068,0.0500,6.1,0.0157,1250342
66600,0.5100,0.3071,0.0500,6.1,0.0170,1251052
66700,0.5500,0.3075,0.0500,6.1,0.1050,1251773
66800,0.4700,0.3077,0.0500,6.1,-0.0628,1252610
66900,0.4400,0.3079,0.0500,6.0,-0.1173,1253241
67000,0.4800,0.3082,0.0500,6.1,-0.0370,1253927
67100,0.4400,0.3084,0.0500,6.0,-0.1224,1254679
67200,0.3600,0.3085,0.0500,6.1,-0.2752,1255309
67300,0.4300,0.3086,0.0500,6.1,-0.1433,1256147
67400,0.4400,0.3088,0.0500,6.1,-0.1204,1256928
67500,0.4200,0.3090,0.0500,6.1,-0.1614,1257665
67600,0.5000,0.3093,0.0500,6.1,0.0045,1258430
67700,0.4500,0.3095,0.0500,6.1,-0.1074,1259135
67800,0.4900,0.3098,0.0500,6.1,-0.0175,1259760
67900,0.5300,0.3101,0.0500,6.2,0.0608,1260581
68000,0.4800,0.3103,0.0500,6.2,-0.0419,1261374
68100,0.3500,0.3104,0.0500,5.8,-0.3062,1262084
68200,0.4900,0.3106,0.0500,5.8,-0.0155,1262697
68300,0.4900,0.3109,0.0500,5.7,-0.0210,1263466
68400,0.4600,0.3111,0.0500,5.9,-0.0812,1264148
68500,0.4600,0.3113,0.0500,6.0,-0.0787,1264784
68600,0.5300,0.3116,0.0500,6.1,0.0565,1265384
68700,0.5200,0.3120,0.0500,6.0,0.0488,1266115
68800,0.4300,0.3121,0.0500,6.1,-0.1423,1266888
68900,0.4700,0.3124,0.0500,6.1,-0.0657,1267551
69000,0.4600,0.3126,0.0500,6.1,-0.0776,1268090
69100,0.4900,0.3128,0.0500,6.1,-0.0193,1268618
69200,0.4800,0.3131,0.0500,6.1,-0.0425,1269331
69300,0.4700,0.3133,0.0500,6.2,-0.0578,1269962
69400,0.4500,0.3135,0.0500,6.2,-0.0991,1270648
69500,0.4600,0.3137,0.0500,6.2,-0.0813,1271198
69600,0.4800,0.3140,0.0500,6.2,-0.0331,1271823
69700,0.5000,0.3142,0.0500,6.1,-0.0078,1272610
69800,0.5700,0.3146,0.0500,6.2,0.1401,1273316
69900,0.5600,0.3149,0.0500,6.2,0.1241,1273987
70000,0.4900,0.3152,0.0500,6.1,-0.0201,1274655
70100,0.5000,0.3155,0.0500,5.7,-0.0009,1275328
70200,0.4400,0.3156,0.0500,6.0,-0.1217,1275959
70300,0.4100,0.3158,0.0500,6.1,-0.1808,1276964
70400,0.4900,0.3160,0.0500,6.1,-0.0180,1277814
70500,0.4800,0.3163,0.0500,6.1,-0.0449,1278524
70600,0.6000,0.3167,0.0500,6.2,0.2054,1279279
70700,0.5100,0.3169,0.0500,6.2,0.0148,1280107
70800,0.4600,0.3171,0.0500,6.2,-0.0769,1280791
70900,0.4700,0.3174,0.0500,6.2,-0.0522,1281407
71000,0.5500,0.3177,0.0500,6.3,0.0970,1282316
71100,0.5200,0.3180,0.0500,6.2,0.0391,1282895
71200,0.5000,0.3182,0.0500,6.3,-0.0050,1283602
71300,0.4900,0.3185,0.0500,6.3,-0.0170,1284199
71400,0.5000,0.3187,0.0500,6.2,-0.0018,1284825
71500,0.4600,0.3189,0.0500,6.2,-0.0719,1285420
71600,0.4600,0.3191,0.0500,6.3,-0.0837,1285928
71700,0.4300,0.3193,0.0500,6.2,-0.1457,1286563
71800,0.4900,0.3195,0.0500,6.2,-0.0187,1287322
71900,0.4300,0.3197,0.0500,6.2,-0.1386,1287967
72000,0.5200,0.3199,0.0500,6.3,0.0389,1288661
72100,0.4400,0.3201,0.0500,6.0,-0.1241,1289411
72200,0.5000,0.3203,0.0500,6.0,0.0021,1290006
72300,0.5000,0.3206,0.0500,6.1,0.0086,1290439
72400,0.4400,0.3207,0.0500,6.1,-0.1287,1290990
72500,0.3900,0.3208,0.0500,6.1,-0.2231,1291696
72600,0.4300,0.3210,0.0500,6.1,-0.1403,1292317
72700,0.4600,0.3212,0.0500,6.1,-0.0740,1292989
72800,0.4400,0.3213,0.0500,6.2,-0.1242,1293745
72900,0.5000,0.3216,0.0500,6.2,-0.0004,1294379
73000,0.4000,0.3217,0.0500,6.1,-0.2009,1295172
73100,0.5000,0.3219,0.0500,6.1,0.0070,1295804
73200,0.4900,0.3222,0.0500,6.1,-0.0256,1296474
73300,0.4700,0.3224,0.0500,6.2,-0.0609,1296984
73400,0.4000,0.3225,0.0500,6.1,-0.1951,1297685
73500,0.4400,0.3226,0.0500,6.1,-0.1240,1298236
73600,0.4800,0.3229,0.0500,6.2,-0.0405,1298874
73700,0.5400,0.3231,0.0500,6.1,0.0799,1299488
73800,0.4500,0.3233,0.0500,6.2,-0.0993,1300072
73900,0.5300,0.3236,0.0500,6.2,0.0563,1300820
74000,0.5600,0.3239,0.0500,6.2,0.1262,1301361
74100,0.5800,0.3243,0.0500,6.3,0.1550,1302019
74200,0.5100,0.3245,0.0500,6.3,0.0253,1302571
74300,0.4600,0.3247,0.0500,6.3,-0.0815,1303234
74400,0.4900,0.3249,0.0500,6.2,-0.0214,1303808
74500,0.5400,0.3252,0.0500,6.2,0.0795,1304593
74600,0.5000,0.3254,0.0500,6.2,0.0096,1305269
74700,0.5600,0.3257,0.0500,6.2,0.1107,1305866
74800,0.4100,0.3259,0.0500,6.2,-0.1798,1306584
74900,0.5300,0.3261,0.0500,6.2,0.0620,1307156
75000,0.5000,0.3264,0.0500,6.2,-0.0002,1307922
75100,0.5500,0.3267,0.0500,6.2,0.1003,1308697
75200,0.4800,0.3269,0.0500,6.2,-0.0443,1309330
75300,0.5500,0.3272,0.0500,6.3,0.1065,1310016
75400,0.4900,0.3274,0.0500,6.2,-0.0254,1310663
75500,0.4300,0.3275,0.0500,6.2,-0.1402,1311334
75600,0.5000,0.3278,0.0500,6.2,0.0046,1311894
75700,0.5600,0.3281,0.0500,6.2,0.1133,1312547
75800,0.4600,0.3282,0.0500,6.2,-0.0734,1313118
75900,0.4400,0.3284,0.0500,6.3,-0.1245,1313838
76000,0.4400,0.3285,0.0500,6.3,-0.1200,1314629
76100,0.4300,0.3286,0.0500,5.3,-0.1402,1315380
76200,0.5100,0.3289,0.0500,5.7,0.0163,1316028
76300,0.6000,0.3292,0.0500,5.9,0.2015,1316684
76400,0.4500,0.3294,0.0500,6.0,-0.1001,1317525
76500,0.4700,0.3296,0.0500,6.1,-0.0568,1317920
76600,0.5100,0.3298,0.0500,6.0,0.0186,1318559
76700,0.4600,0.3300,0.0500,6.0,-0.0843,1319183
76800,0.5700,0.3303,0.0500,6.1,0.1394,1319837
76900,0.5700,0.3307,0.0500,6.1,0.1476,1320468
77000,0.4700,0.3308,0.0500,6.1,-0.0614,1321236
77100,0.4600,0.3310,0.0500,6.0,-0.0863,1322084
77200,0.5000,0.3312,0.0500,6.1,0.0049,1322738
77300,0.4900,0.3314,0.0500,6.1,-0.0222,1323257
77400,0.5600,0.3317,0.0500,6.1,0.1180,1323956
77500,0.4100,0.3318,0.0500,6.1,-0.1820,1324478
77600,0.4400,0.3320,0.0500,6.2,-0.1080,1325019
77700,0.4300,0.3321,0.0500,6.1,-0.1478,1325626
77800,0.5200,0.3324,0.0500,6.2,0.0382,1326149
77900,0.5100,0.3326,0.0500,6.2,0.0201,1326862
78000,0.3900,0.3327,0.0500,6.2,-0.2203,1327478
78100,0.5100,0.3329,0.0500,5.5,0.0134,1328000
78200,0.5300,0.3332,0.0500,5.9,0.0629,1328548
78300,0.5100,0.3334,0.0500,6.0,0.0179,1329114
78400,0.4400,0.3335,0.0500,6.1,-0.1195,1329667
78500,0.5500,0.3338,0.0500,6.1,0.1045,1330325
78600,0.4300,0.3340,0.0500,6.1,-0.1416,1330966
78700,0.6100,0.3343,0.0500,6.1,0.2175,1331587
78800,0.4100,0.3344,0.0500,6.1,-0.1778,1332265
78900,0.4700,0.3346,0.0500,6.1,-0.0580,1332870
79000,0.5400,0.3348,0.0500,6.2,0.0760,1333619
79100,0.4200,0.3350,0.0500,6.1,-0.1600,1334224
79200,0.5200,0.3352,0.0500,6.2,0.0424,1334850
79300,0.5400,0.3354,0.0500,6.2,0.0836,1335412
79400,0.5100,0.3357,0.0500,6.1,0.0180,1336008
79500,0.4400,0.3358,0.0500,6.2,-0.1201,1336560
79600,0.5500,0.3361,0.0500,6.2,0.1015,1337255
79700,0.5300,0.3363,0.0500,6.1,0.0569,1338078
79800,0.5100,0.3366,0.0500,6.1,0.0236,1338802
79900,0.4900,0.3367,0.0500,6.1,-0.0264,1339585
80000,0.4400,0.3369,0.0500,6.2,-0.1181,1340438
80100,0.5200,0.3371,0.0500,6.0,0.0347,1341169
80200,0.5800,0.3374,0.0500,6.3,0.1632,1341807
80300,0.3900,0.3375,0.0500,6.1,-0.2217,1342546
80400,0.4900,0.3377,0.0500,6.1,-0.0191,1343202
80500,0.4400,0.3378,0.0500,6.1,-0.1181,1343729
80600,0.4800,0.3380,0.0500,6.1,-0.0368,1344578
80700,0.4200,0.3381,0.0500,6.0,-0.1670,1345293
80800,0.4200,0.3382,0.0500,6.1,-0.1575,1345898
80900,0.4400,0.3383,0.0500,6.1,-0.1202,1346635
81000,0.3600,0.3384,0.0500,6.1,-0.2780,1347394
81100,0.4900,0.3386,0.0500,6.1,-0.0221,1348198
81200,0.4000,0.3386,0.0500,6.1,-0.2045,1348712
81300,0.3800,0.3387,0.0500,6.2,-0.2387,1349577
81400,0.5400,0.3389,0.0500,6.2,0.0820,1350256
81500,0.5100,0.3391,0.0500,6.2,0.0248,1351050
81600,0.4300,0.3393,0.0500,6.2,-0.1461,1351728
81700,0.4500,0.3394,0.0500,6.1,-0.0997,1352428
81800,0.5400,0.3396,0.0500,6.1,0.0823,1353010
81900,0.4100,0.3397,0.0500,6.1,-0.1824,1353733
82000,0.5600,0.3400,0.0500,6.2,0.1313,1354331
82100,0.3900,0.3401,0.0500,5.6,-0.2180,1354858
82200,0.4300,0.3402,0.0500,5.6,-0.1446,1355639
82300,0.5200,0.3404,0.0500,5.7,0.0419,1356322
82400,0.5900,0.3407,0.0500,5.9,0.1785,1357125
82500,0.4400,0.3408,0.0500,6.0,-0.1177,1357815
82600,0.5200,0.3410,0.0500,6.0,0.0337,1358487
82700,0.4900,0.3412,0.0500,6.0,-0.0167,1359437
82800,0.5100,0.3414,0.0500,6.1,0.0231,1360250
82900,0.5000,0.3416,0.0500,6.0,-0.0026,1361093
83000,0.4500,0.3417,0.0500,6.1,-0.1015,1361720
83100,0.4600,0.3419,0.0500,6.1,-0.0787,1362237
83200,0.4100,0.3420,0.0500,6.2,-0.1813,1362805
83300,0.4600,0.3421,0.0500,6.1,-0.0730,1363536
83400,0.5100,0.3423,0.0500,6.1,0.0142,1364341
83500,0.4600,0.3425,0.0500,6.1,-0.0823,1364875
83600,0.3900,0.3425,0.0500,6.2,-0.2217,1365564
83700,0.4500,0.3427,0.0500,6.1,-0.0983,1366212
83800,0.5400,0.3429,0.0500,6.1,0.0806,1366885
83900,0.4800,0.3431,0.0500,6.1,-0.0366,1367593
84000,0.4600,0.3432,0.0500,6.2,-0.0784,1368124
84100,0.4400,0.3433,0.0500,6.0,-0.1213,1368736
84200,0.4800,0.3435,0.0500,5.8,-0.0427,1369388
84300,0.4400,0.3436,0.0500,6.0,-0.1187,1370046
84400,0.4600,0.3437,0.0500,6.0,-0.0836,1370761
84500,0.5600,0.3440,0.0500,6.0,0.1243,1371472
84600,0.4700,0.3441,0.0500,6.0,-0.0593,1371975
84700,0.4900,0.3443,0.0500,6.0,-0.0238,1372778
84800,0.4100,0.3444,0.0500,6.1,-0.1789,1373614
84900,0.5300,0.3446,0.0500,6.1,0.0618,1374322
85000,0.4700,0.3448,0.0500,6.1,-0.0606,1374989
85100,0.4200,0.3449,0.0500,6.1,-0.1621,1375659
85200,0.4200,0.3449,0.0500,6.1,-0.1557,1376309
85300,0.4900,0.3451,0.0500,6.2,-0.0237,1377011
85400,0.4700,0.3453,0.0500,6.2,-0.0586,1377741
85500,0.4400,0.3454,0.0500,6.2,-0.1216,1378387
85600,0.4600,0.3455,0.0500,6.2,-0.0796,1378965
85700,0.4500,0.3456,0.0500,6.1,-0.1033,1379735
85800,0.4900,0.3458,0.0500,6.2,-0.0097,1380347
85900,0.4700,0.3459,0.0500,6.2,-0.0657,1380996
86000,0.5100,0.3461,0.0500,6.2,0.0232,1381622
86100,0.5600,0.3464,0.0500,5.8,0.1150,1382130
86200,0.4700,0.3465,0.0500,5.9,-0.0577,1382783
86300,0.3900,0.3465,0.0500,5.9,-0.2200,1383501
86400,0.3900,0.3466,0.0500,6.0,-0.2236,1384099
86500,0.5600,0.3469,0.0500,6.1,0.1194,1384702
86600,0.5200,0.3471,0.0500,6.1,0.0446,1385130
86700,0.4600,0.3472,0.0500,6.1,-0.0802,1385861
86800,0.4700,0.3473,0.0500,6.2,-0.0604,1386455
86900,0.4900,0.3475,0.0500,6.2,-0.0222,1387162
87000,0.4500,0.3476,0.0500,6.2,-0.0991,1387717
87100,0.4300,0.3477,0.0500,6.1,-0.1384,1388416
87200,0.5500,0.3480,0.0500,6.1,0.1027,1388990
87300,0.4500,0.3481,0.0500,6.2,-0.1010,1389523
87400,0.4900,0.3482,0.0500,6.2,-0.0222,1390316
87500,0.4800,0.3484,0.0500,6.2,-0.0400,1390868
87600,0.6200,0.3487,0.0500,6.2,0.2434,1391529
87700,0.4700,0.3488,0.0500,6.2,-0.0601,1392028
87800,0.4600,0.3490,0.0500,6.2,-0.0832,1392584
87900,0.6300,0.3493,0.0500,6.2,0.2560,1393064
88000,0.5000,0.3495,0.0500,6.2,0.0048,1393675
88100,0.4900,0.3497,0.0500,6.0,-0.0244,1394203
88200,0.4800,0.3498,0.0500,5.9,-0.0421,1394750
88300,0.5100,0.3500,0.0500,6.0,0.0255,1395247
88400,0.4500,0.3501,0.0500,6.0,-0.1013,1395729
88500,0.5300,0.3503,0.0500,6.0,0.0582,1396300
88600,0.5200,0.3505,0.0500,6.0,0.0417,1396775
88700,0.4900,0.3507,0.0500,6.0,-0.0224,1397281
88800,0.5400,0.3509,0.0500,6.1,0.0792,1398001
88900,0.5600,0.3511,0.0500,6.1,0.1206,1398721
89000,0.4800,0.3512,0.0500,6.1,-0.0339,1399358
89100,0.5500,0.3515,0.0500,6.1,0.0960,1399950
89200,0.4900,0.3516,0.0500,6.1,-0.0190,1400420
89300,0.3900,0.3517,0.0500,6.1,-0.2195,1401006
89400,0.5000,0.3518,0.0500,6.1,-0.0010,1401493
89500,0.4900,0.3520,0.0500,6.1,-0.0172,1402014
89600,0.4800,0.3521,0.0500,6.1,-0.0443,1402640
89700,0.4300,0.3522,0.0500,6.0,-0.1348,1403201
89800,0.5100,0.3524,0.0500,6.1,0.0192,1403777
89900,0.4200,0.3525,0.0500,6.1,-0.1627,1404315
90000,0.5300,0.3527,0.0500,6.1,0.0599,1404934
90100,0.4400,0.3528,0.0500,5.7,-0.1229,1405486
90200,0.4400,0.3529,0.0500,5.8,-0.1231,1406060
90300,0.5100,0.3531,0.0500,5.9,0.0292,1406708
90400,0.4700,0.3532,0.0500,5.9,-0.0666,1407333
90500,0.4900,0.3534,0.0500,6.0,-0.0196,1407785
90600,0.4800,0.3535,0.0500,6.0,-0.0360,1408425
90700,0.5300,0.3537,0.0500,6.0,0.0563,1408925
90800,0.3900,0.3538,0.0500,6.1,-0.2224,1409477
90900,0.5200,0.3539,0.0500,6.0,0.0459,1409981
91000,0.4300,0.3540,0.0500,6.0,-0.1441,1410556
91100,0.5100,0.3542,0.0500,6.0,0.0183,1411124
91200,0.5200,0.3544,0.0500,6.0,0.0376,1411875
91300,0.4600,0.3545,0.0500,6.1,-0.0754,1412298
91400,0.4400,0.3546,0.0500,6.0,-0.1231,1412811
91500,0.5100,0.3548,0.0500,6.0,0.0223,1413330
91600,0.4600,0.3549,0.0500,6.0,-0.0725,1413843
91700,0.4400,0.3550,0.0500,6.0,-0.1266,1414357
91800,0.4000,0.3550,0.0500,6.0,-0.2013,1414986
91900,0.5000,0.3552,0.0500,6.0,-0.0009,1415547
92000,0.5300,0.3554,0.0500,6.1,0.0614,1415979
92100,0.5200,0.3556,0.0500,5.6,0.0392,1416559
92200,0.5300,0.3558,0.0500,5.9,0.0570,1417099
92300,0.5200,0.3559,0.0500,5.8,0.0416,1417774
92400,0.4600,0.3561,0.0500,6.0,-0.0761,1418350
92500,0.5000,0.3562,0.0500,6.0,-0.0055,1418986
92600,0.5100,0.3564,0.0500,5.9,0.0203,1419711
92700,0.5700,0.3566,0.0500,5.9,0.1455,1420288
92800,0.3800,0.3567,0.0500,5.9,-0.2448,1420920
92900,0.4100,0.3567,0.0500,5.9,-0.1813,1421501
93000,0.5000,0.3569,0.0500,5.9,0.0049,1422158
93100,0.5100,0.3570,0.0500,5.8,0.0145,1422708
93200,0.5000,0.3572,0.0500,5.9,0.0006,1423299
93300,0.5200,0.3574,0.0500,5.8,0.0424,1423837
93400,0.4600,0.3575,0.0500,5.9,-0.0784,1424417
93500,0.5200,0.3577,0.0500,5.9,0.0379,1425055
93600,0.4600,0.3578,0.0500,5.9,-0.0832,1425655
93700,0.4800,0.3579,0.0500,5.9,-0.0408,1426206
93800,0.4800,0.3580,0.0500,5.9,-0.0393,1426866
93900,0.5300,0.3582,0.0500,5.9,0.0645,1427524
94000,0.5500,0.3584,0.0500,5.9,0.1045,1428185
94100,0.5200,0.3586,0.0500,5.2,0.0326,1428758
94200,0.5300,0.3588,0.0500,5.7,0.0613,1429442
94300,0.5700,0.3590,0.0500,5.9,0.1395,1429971
94400,0.5600,0.3592,0.0500,5.9,0.1256,1430511
94500,0.4900,0.3593,0.0500,5.9,-0.0214,1431093
94600,0.4400,0.3594,0.0500,5.8,-0.1179,1431673
94700,0.4800,0.3596,0.0500,5.8,-0.0360,1432295
94800,0.5100,0.3597,0.0500,5.9,0.0173,1432910
94900,0.5500,0.3599,0.0500,5.8,0.0970,1433425
95000,0.4000,0.3600,0.0500,5.9,-0.2006,1433940
95100,0.4500,0.3601,0.0500,5.8,-0.0995,1434453
95200,0.5200,0.3602,0.0500,5.9,0.0392,1435102
95300,0.4200,0.3603,0.0500,5.9,-0.1578,1435616
95400,0.6000,0.3606,0.0500,5.9,0.2022,1436087
95500,0.4800,0.3607,0.0500,6.0,-0.0446,1436735
95600,0.5200,0.3608,0.0500,6.0,0.0436,1437290
95700,0.3800,0.3609,0.0500,6.0,-0.2430,1437920
95800,0.4200,0.3609,0.0500,6.0,-0.1571,1438650
95900,0.4200,0.3610,0.0500,6.0,-0.1597,1439133
96000,0.5300,0.3612,0.0500,6.0,0.0533,1439695
96100,0.5300,0.3614,0.0500,5.5,0.0539,1440203
96200,0.5100,0.3615,0.0500,5.9,0.0233,1440653
96300,0.4400,0.3616,0.0500,5.9,-0.1167,1441180
96400,0.4300,0.3617,0.0500,5.9,-0.1396,1441695
96500,0.4400,0.3618,0.0500,6.0,-0.1256,1442225
96600,0.5100,0.3619,0.0500,5.9,0.0221,1442739
96700,0.4100,0.3620,0.0500,6.0,-0.1803,1443284
96800,0.4100,0.3620,0.0500,6.0,-0.1827,1443819
96900,0.4700,0.3621,0.0500,6.0,-0.0568,1444457
97000,0.4300,0.3622,0.0500,6.1,-0.1385,1445042
97100,0.4300,0.3623,0.0500,6.0,-0.1421,1445700
97200,0.4900,0.3624,0.0500,6.1,-0.0222,1446206
97300,0.5000,0.3625,0.0500,6.1,0.0071,1446843
97400,0.4100,0.3626,0.0500,6.0,-0.1861,1447542
97500,0.5000,0.3627,0.0500,6.1,0.0046,1448177
97600,0.4200,0.3628,0.0500,6.1,-0.1647,1448806
97700,0.4900,0.3629,0.0500,6.0,-0.0212,1449411
97800,0.5400,0.3631,0.0500,6.1,0.0816,1450057
97900,0.4500,0.3632,0.0500,6.1,-0.1008,1450623
98000,0.4800,0.3633,0.0500,6.1,-0.0348,1451219
98100,0.5000,0.3634,0.0500,5.0,-0.0068,1451812
98200,0.5200,0.3636,0.0500,5.5,0.0442,1452380
98300,0.5000,0.3637,0.0500,5.7,-0.0038,1453077
98400,0.5000,0.3639,0.0500,5.9,0.0083,1453605
98500,0.4500,0.3640,0.0500,5.9,-0.1057,1454118
98600,0.4600,0.3641,0.0500,5.9,-0.0792,1454776
98700,0.4700,0.3642,0.0500,5.9,-0.0561,1455481
98800,0.5800,0.3644,0.0500,6.0,0.1528,1456028
98900,0.4700,0.3645,0.0500,6.0,-0.0586,1456667
99000,0.5100,0.3647,0.0500,6.0,0.0221,1457303
99100,0.3600,0.3647,0.0500,6.0,-0.2833,1457794
99200,0.4800,0.3648,0.0500,6.0,-0.0339,1458244
99300,0.3800,0.3648,0.0500,6.1,-0.2428,1458830
99400,0.4800,0.3649,0.0500,6.0,-0.0403,1459483
99500,0.4900,0.3650,0.0500,6.1,-0.0218,1460038
99600,0.5300,0.3652,0.0500,6.1,0.0609,1460725
99700,0.5900,0.3654,0.0500,6.0,0.1797,1461279
99800,0.4900,0.3656,0.0500,6.0,-0.0194,1461830
99900,0.5500,0.3657,0.0500,6.0,0.0999,1462388
100000,0.4300,0.3658,0.0500,6.1,-0.1376,1462907
